0 0.262914 0.106375 0.032156 0.020667
0 0.302148 0.107708 0.032437 0.021333
0 0.340391 0.107972 0.031594 0.021500
0 0.233906 0.152014 0.044531 0.026528
0 0.299805 0.152847 0.046328 0.026806
0 0.360078 0.154306 0.042344 0.025000
0 0.615195 0.108083 0.030234 0.018278
0 0.652891 0.106528 0.030156 0.018889
0 0.689766 0.106528 0.029687 0.018333
0 0.790469 0.103472 0.030313 0.019444
0 0.828086 0.102014 0.030391 0.018750
0 0.921445 0.145000 0.039609 0.025000
0 0.968066 0.095264 0.026914 0.019472
0 0.076445 0.099722 0.033047 0.019722
0 0.116887 0.100910 0.032633 0.019181
0 0.157852 0.103056 0.032578 0.019722
