0 0.277844 0.286958 0.027266 0.016528
0 0.842148 0.639090 0.044187 0.035625
0 0.894957 0.648285 0.047633 0.037181
0 0.019621 0.325493 0.039242 0.026236
0 0.113770 0.283750 0.029523 0.017917
0 0.149684 0.284493 0.027336 0.018292
0 0.842148 0.639090 0.044187 0.035625
0 0.894957 0.648285 0.047633 0.037181
0 0.019621 0.325493 0.039242 0.026236
0 0.113770 0.283750 0.029523 0.017917
0 0.149684 0.284493 0.027336 0.018292
0 0.185441 0.285139 0.028164 0.018111
0 0.311523 0.287292 0.026797 0.017361
0 0.311523 0.287292 0.026797 0.017361
0 0.277844 0.286958 0.027266 0.016528
0 0.185441 0.285139 0.028164 0.018111
