0 0.015250 0.280139 0.030500 0.018500
0 0.895793 0.647188 0.049898 0.042625
0 0.019957 0.324167 0.039914 0.025917
0 0.114125 0.282354 0.028891 0.018236
0 0.149922 0.282569 0.028438 0.018472
0 0.185320 0.283375 0.028438 0.017083
0 0.841766 0.637403 0.043250 0.037444
0 0.841766 0.637403 0.043250 0.037444
0 0.895793 0.647188 0.049898 0.042625
0 0.019957 0.324167 0.039914 0.025917
0 0.015250 0.280139 0.030500 0.018500
0 0.114125 0.282354 0.028891 0.018236
0 0.149922 0.282569 0.028438 0.018472
0 0.185320 0.283375 0.028438 0.017083
