0 0.725094 0.107458 0.027422 0.018194
0 0.805844 0.146444 0.040234 0.024861
0 0.247336 0.151042 0.041484 0.025833
0 0.285203 0.108875 0.028047 0.019194
0 0.304375 0.151764 0.040859 0.025694
0 0.692086 0.108917 0.027500 0.017500
0 0.848184 0.102236 0.028383 0.018111
0 0.758648 0.106278 0.027813 0.017222
0 0.040762 0.101049 0.031914 0.019208
0 0.079531 0.102993 0.031281 0.019403
0 0.116898 0.103542 0.031188 0.019028
0 0.188176 0.149458 0.042492 0.027083
0 0.214863 0.107729 0.029695 0.019681
0 0.250227 0.108472 0.029453 0.020139
