0 0.193098 0.249389 0.047023 0.026611
0 0.258867 0.250708 0.044656 0.028194
0 0.113945 0.200167 0.034500 0.020167
0 0.883598 0.244069 0.045633 0.024722
0 0.073258 0.199833 0.036000 0.022500
0 0.030094 0.198514 0.035156 0.020694
0 0.402969 0.204806 0.031688 0.018500
0 0.441219 0.205583 0.030750 0.020167
0 0.479141 0.205583 0.031781 0.020167
0 0.579156 0.205056 0.031219 0.019500
0 0.615953 0.203639 0.032250 0.018667
0 0.653687 0.203222 0.030656 0.017500
0 0.753723 0.202604 0.030602 0.018597
0 0.791855 0.200806 0.031727 0.019806
0 0.830133 0.199389 0.031609 0.019000
0 0.319562 0.251208 0.038703 0.025194
