0 0.159168 0.344347 0.027898 0.017611
0 0.127223 0.343451 0.026102 0.017403
0 0.086609 0.383347 0.040047 0.023194
0 0.037164 0.343049 0.028469 0.017403
0 0.603133 0.345944 0.023750 0.016944
0 0.190219 0.344549 0.025422 0.016792
0 0.271625 0.346042 0.024188 0.017000
0 0.301488 0.347049 0.024070 0.016208
0 0.331363 0.347146 0.022836 0.015597
0 0.370570 0.383847 0.034875 0.021806
0 0.409324 0.346944 0.023742 0.015194
0 0.419336 0.383944 0.034984 0.022000
0 0.438293 0.346889 0.022617 0.016389
0 0.467715 0.346944 0.023961 0.015194
0 0.468445 0.384243 0.035328 0.021403
0 0.544773 0.347292 0.024047 0.015694
0 0.574117 0.346667 0.023047 0.015556
0 0.711535 0.344653 0.024273 0.014500
0 0.682852 0.346069 0.023906 0.016000
