0 0.329883 0.314861 0.021484 0.015278
0 0.072906 0.311111 0.025781 0.016806
0 0.102477 0.312014 0.025234 0.017500
0 0.179367 0.313111 0.023984 0.017083
0 0.206941 0.313667 0.023523 0.017083
0 0.234406 0.314014 0.022656 0.015556
0 0.042188 0.310139 0.026250 0.018333
0 0.609414 0.344792 0.030375 0.021667
0 0.355195 0.315556 0.021172 0.015000
0 0.304828 0.314958 0.021719 0.015556
0 0.649023 0.343958 0.030281 0.022000
0 0.689375 0.343639 0.029625 0.020500
0 0.390437 0.345069 0.030937 0.020972
0 0.421000 0.315986 0.020781 0.014583
0 0.444320 0.316194 0.020703 0.014444
0 0.468266 0.316194 0.020000 0.015000
