0 0.406457 0.220292 0.050180 0.030806
0 0.064164 0.160486 0.038141 0.023806
0 0.475250 0.220090 0.049391 0.031208
0 0.544383 0.219889 0.049953 0.031194
0 0.108828 0.161389 0.037234 0.024806
0 0.654039 0.167111 0.034594 0.021000
0 0.153328 0.163389 0.035437 0.022611
0 0.267602 0.166319 0.034594 0.021833
0 0.308937 0.167139 0.035250 0.022500
0 0.350523 0.167403 0.034687 0.022000
0 0.460680 0.168486 0.034594 0.022000
0 0.501836 0.167736 0.033469 0.021833
0 0.542563 0.168139 0.033750 0.021167
0 0.695523 0.166111 0.033563 0.020667
