0 0.617797 0.210597 0.026484 0.017083
0 0.650641 0.209611 0.026641 0.017222
0 0.773656 0.207431 0.027578 0.018472
0 0.739711 0.208542 0.027500 0.016250
0 0.154203 0.206889 0.030844 0.018667
0 0.189492 0.207708 0.028125 0.019000
0 0.279687 0.210056 0.027937 0.018667
0 0.312828 0.210472 0.027656 0.018167
0 0.346070 0.210792 0.026062 0.017833
0 0.389898 0.253042 0.040219 0.024333
0 0.433023 0.211708 0.026344 0.017333
0 0.444461 0.252792 0.038531 0.024833
0 0.465594 0.211556 0.026250 0.017667
0 0.498219 0.211375 0.026250 0.016972
0 0.499258 0.252375 0.039000 0.024333
0 0.019242 0.203292 0.032063 0.021167
0 0.584984 0.210944 0.026953 0.017778
0 0.119086 0.206042 0.030563 0.019000
0 0.074414 0.248708 0.044906 0.027333
