0 0.048988 0.256722 0.045852 0.029083
0 0.095527 0.212111 0.030930 0.019500
0 0.132125 0.212972 0.030937 0.019833
0 0.169563 0.213542 0.026937 0.019028
0 0.261973 0.215847 0.028008 0.018806
0 0.296512 0.216250 0.028461 0.018000
0 0.330090 0.217444 0.027227 0.016806
0 0.376184 0.260604 0.040164 0.025597
0 0.432770 0.261014 0.040836 0.026000
0 0.487613 0.218104 0.028570 0.017403
0 0.420898 0.218708 0.028125 0.017389
0 0.644734 0.215826 0.026812 0.017569
0 0.610633 0.217014 0.027109 0.018000
0 0.577223 0.217306 0.027789 0.017000
0 0.488680 0.260611 0.041062 0.025194
0 0.454156 0.217889 0.027344 0.017611
0 0.771180 0.214250 0.028516 0.018194
0 0.736453 0.215014 0.028906 0.016667
