0 0.050621 0.083507 0.034555 0.022319
0 0.013227 0.082556 0.026453 0.021833
0 0.091121 0.085917 0.032664 0.021833
0 0.195828 0.090389 0.031781 0.020667
0 0.232531 0.090042 0.030938 0.020500
0 0.269609 0.091458 0.030281 0.020667
0 0.322070 0.137611 0.042859 0.028000
0 0.363543 0.091521 0.025273 0.019292
0 0.638039 0.136486 0.041625 0.026806
0 0.696133 0.134944 0.041969 0.027000
0 0.754746 0.133750 0.042633 0.026194
0 0.684070 0.091417 0.028672 0.017639
0 0.719070 0.090722 0.028828 0.019028
0 0.754422 0.089681 0.029375 0.018333
0 0.849781 0.085535 0.027625 0.016708
0 0.924219 0.082674 0.029969 0.017292
