0 0.181297 0.198389 0.027844 0.020000
0 0.141078 0.237722 0.041156 0.024333
0 0.021121 0.193653 0.029320 0.018722
0 0.091645 0.195722 0.028836 0.019861
0 0.057379 0.195292 0.029320 0.019583
0 0.636641 0.202431 0.026094 0.017917
0 0.213281 0.199062 0.028500 0.018819
0 0.244594 0.199153 0.026812 0.018000
0 0.326715 0.201625 0.025133 0.018333
0 0.357453 0.202556 0.025969 0.017333
0 0.387043 0.203708 0.026336 0.019500
0 0.427242 0.240542 0.036047 0.024722
0 0.477070 0.240903 0.036641 0.026250
0 0.467070 0.203861 0.025000 0.017500
0 0.496133 0.203236 0.024375 0.016528
0 0.526133 0.203819 0.025859 0.016250
0 0.527242 0.240667 0.036250 0.022500
0 0.606008 0.202208 0.025078 0.015556
0 0.749453 0.199694 0.026625 0.015000
0 0.780297 0.198111 0.026438 0.016500
