0 0.381484 0.184694 0.037656 0.019500
0 0.826816 0.145292 0.045633 0.028556
0 0.210117 0.184896 0.038828 0.023819
0 0.760977 0.090479 0.038359 0.023208
0 0.143828 0.091653 0.040000 0.025028
0 0.426020 0.186319 0.032977 0.022917
0 0.745898 0.150382 0.056797 0.033958
0 0.321211 0.094167 0.037891 0.023889
0 0.336133 0.186458 0.038359 0.021528
0 0.192148 0.092833 0.038516 0.023583
0 0.808906 0.089188 0.040313 0.023847
0 0.634258 0.093556 0.036953 0.023167
0 0.850672 0.088028 0.026625 0.024500
0 0.549398 0.185986 0.038594 0.024194
