0 0.183359 0.136319 0.041406 0.024861
0 0.036875 0.088431 0.030781 0.016750
0 0.074102 0.089583 0.030078 0.018611
0 0.111563 0.091250 0.029531 0.018056
0 0.802148 0.134792 0.040234 0.024583
0 0.721328 0.095833 0.027031 0.017500
0 0.687852 0.097118 0.027266 0.017153
0 0.280938 0.096736 0.028125 0.017917
0 0.300234 0.137639 0.037656 0.020278
0 0.245273 0.096111 0.028516 0.017778
0 0.242984 0.138681 0.038750 0.024306
0 0.209297 0.094861 0.028906 0.018056
0 0.754492 0.095347 0.026797 0.017639
0 0.843555 0.090903 0.027734 0.018194
