0 0.470391 0.194035 0.033437 0.022486
0 0.249117 0.160458 0.051141 0.031833
0 0.821602 0.103938 0.036953 0.024069
0 0.776992 0.105521 0.037109 0.022014
0 0.661016 0.107826 0.034219 0.022681
0 0.177656 0.159653 0.051094 0.031250
0 0.072227 0.103236 0.036016 0.020750
0 0.026719 0.102125 0.036875 0.022694
0 0.774102 0.192611 0.036016 0.020333
0 0.621508 0.108465 0.028547 0.020292
0 0.620625 0.195549 0.034375 0.023347
0 0.578945 0.193660 0.033359 0.018236
0 0.274727 0.108514 0.035703 0.021583
0 0.232344 0.107750 0.034844 0.022000
0 0.189453 0.106653 0.035000 0.021139
0 0.661133 0.193382 0.033984 0.017958
