0 0.490129 0.149007 0.020898 0.013819
0 0.464949 0.148403 0.020102 0.013750
0 0.514836 0.148722 0.020734 0.013250
0 0.581539 0.149271 0.019797 0.012792
0 0.606566 0.147965 0.021711 0.013792
0 0.280039 0.146576 0.020078 0.012403
0 0.021367 0.136757 0.023984 0.014542
0 0.156719 0.141889 0.022656 0.015111
0 0.128633 0.140986 0.022734 0.014972
0 0.101016 0.140000 0.024219 0.016389
0 0.065898 0.173861 0.033672 0.022556
0 0.254336 0.146299 0.020547 0.013792
0 0.228398 0.145486 0.020547 0.013472
0 0.348164 0.149104 0.019922 0.012903
0 0.373164 0.149563 0.020703 0.012819
0 0.398477 0.149424 0.020547 0.012542
0 0.399258 0.180333 0.028828 0.020167
0 0.357812 0.179583 0.027969 0.021111
0 0.315547 0.180069 0.030781 0.020694
