0 0.130547 0.128889 0.035781 0.021944
0 0.947109 0.177826 0.056141 0.032597
0 0.868191 0.181229 0.055352 0.031792
0 0.086445 0.127083 0.035859 0.021667
0 0.286508 0.216833 0.035375 0.020639
0 0.287930 0.131250 0.035078 0.022778
0 0.372383 0.131806 0.035234 0.021944
0 0.174336 0.129722 0.036953 0.023333
0 0.570469 0.132778 0.035781 0.022778
0 0.688789 0.130972 0.036641 0.022222
0 0.780039 0.128333 0.036016 0.023611
0 0.953672 0.122778 0.041875 0.023333
0 0.734141 0.129722 0.035781 0.022222
0 0.480457 0.132083 0.026852 0.022500
0 0.330117 0.131806 0.034453 0.021111
