0 0.010672 0.178583 0.020687 0.015056
0 0.360023 0.221111 0.029453 0.019444
0 0.402500 0.220625 0.028906 0.019861
0 0.444727 0.221882 0.028672 0.018181
0 0.070703 0.180903 0.022969 0.015139
0 0.113516 0.216667 0.032656 0.020833
0 0.148242 0.184424 0.023359 0.014486
0 0.039844 0.179361 0.024219 0.014611
0 0.535469 0.189201 0.017656 0.012153
0 0.511445 0.189757 0.020078 0.013264
0 0.443633 0.189910 0.019922 0.013514
0 0.418672 0.189563 0.019062 0.013931
0 0.393867 0.190194 0.019141 0.013778
0 0.325938 0.188688 0.018594 0.012625
0 0.299844 0.188340 0.019687 0.011931
0 0.273672 0.187924 0.019844 0.013875
0 0.203359 0.184313 0.020625 0.014153
0 0.175625 0.184590 0.023438 0.014431
0 0.654867 0.187340 0.020656 0.013681
0 0.629691 0.188778 0.021055 0.012250
