0 0.684812 0.132889 0.036156 0.021778
0 0.942430 0.123694 0.039016 0.021361
0 0.896707 0.218368 0.037242 0.020597
0 0.941215 0.217458 0.035508 0.020639
0 0.274023 0.133194 0.037578 0.022500
0 0.151914 0.130889 0.038047 0.022667
0 0.165742 0.219285 0.038203 0.021986
0 0.120078 0.216660 0.037187 0.018625
0 0.073789 0.217847 0.038359 0.021528
0 0.105234 0.129569 0.038438 0.022806
0 0.057969 0.128604 0.038437 0.022792
0 0.774883 0.218215 0.036484 0.018375
0 0.566707 0.134701 0.036930 0.023903
0 0.283844 0.220104 0.038813 0.023403
0 0.539453 0.189937 0.052812 0.033458
0 0.772617 0.131799 0.036172 0.020292
0 0.362344 0.135028 0.037188 0.022444
0 0.318203 0.134722 0.036406 0.020833
0 0.466141 0.189799 0.051344 0.033181
0 0.728047 0.131493 0.036094 0.023125
