0 0.035555 0.253125 0.040500 0.026500
0 0.120355 0.210410 0.031164 0.018403
0 0.157652 0.211312 0.030148 0.019403
0 0.194652 0.211910 0.029023 0.018208
0 0.291250 0.214458 0.027969 0.018056
0 0.326484 0.214667 0.027969 0.018194
0 0.361172 0.214736 0.028750 0.018333
0 0.451641 0.215556 0.027656 0.017222
0 0.485180 0.215729 0.027266 0.017931
0 0.518227 0.215319 0.026797 0.017361
0 0.604949 0.213785 0.027133 0.017153
0 0.636773 0.213819 0.027188 0.018889
0 0.669977 0.213264 0.027188 0.017500
0 0.867207 0.249444 0.041852 0.025917
0 0.925465 0.248611 0.042523 0.024722
0 0.564813 0.256889 0.038609 0.024250
