0 0.435469 0.134653 0.036562 0.021250
0 0.806484 0.129382 0.037187 0.021514
0 0.848930 0.127153 0.030359 0.023750
0 0.053359 0.129194 0.039688 0.023278
0 0.071406 0.217458 0.038437 0.022583
0 0.181016 0.131743 0.037969 0.021514
0 0.225937 0.132361 0.037812 0.021944
0 0.271953 0.133215 0.037031 0.021625
0 0.194648 0.219715 0.037266 0.021958
0 0.240430 0.219514 0.036484 0.019028
0 0.284648 0.221111 0.036641 0.021389
0 0.391289 0.134403 0.036797 0.021750
0 0.584543 0.189104 0.052945 0.031236
0 0.596914 0.134243 0.036641 0.022069
0 0.641523 0.133646 0.035234 0.023264
0 0.658164 0.188715 0.053359 0.031181
0 0.900820 0.217028 0.038203 0.022611
0 0.685820 0.133035 0.036016 0.022542
