0 0.681063 0.316583 0.020859 0.013611
0 0.748938 0.314354 0.020469 0.012375
0 0.656406 0.316042 0.019687 0.013472
0 0.640594 0.345958 0.031328 0.019861
0 0.632000 0.316861 0.021484 0.013889
0 0.598328 0.346861 0.030078 0.020556
0 0.565766 0.317208 0.019844 0.012639
0 0.541836 0.317153 0.019766 0.014028
0 0.517523 0.317417 0.020234 0.013333
0 0.452328 0.316972 0.020906 0.013833
0 0.428086 0.317056 0.020531 0.015000
0 0.403664 0.316472 0.020437 0.014500
0 0.371414 0.348306 0.030188 0.021833
0 0.335848 0.316583 0.021320 0.012778
0 0.800578 0.312910 0.021188 0.011986
0 0.774172 0.314153 0.020000 0.013889
0 0.309520 0.315958 0.021320 0.014861
0 0.282934 0.316243 0.022164 0.013403
0 0.209453 0.315000 0.022969 0.013611
0 0.181641 0.314875 0.023984 0.015139
0 0.152188 0.314458 0.023516 0.013750
0 0.071902 0.312625 0.025086 0.015000
0 0.040234 0.311326 0.025656 0.015597
0 0.682156 0.346167 0.032266 0.020278
