0 0.232828 0.219549 0.027406 0.017764
0 0.410000 0.222972 0.024938 0.016833
0 0.451023 0.261417 0.037781 0.024167
0 0.491141 0.222556 0.025031 0.017333
0 0.501969 0.260056 0.036750 0.024000
0 0.521234 0.221806 0.025031 0.018667
0 0.552031 0.222056 0.024563 0.016333
0 0.553203 0.260056 0.036469 0.025500
0 0.039445 0.214625 0.031047 0.019444
0 0.075422 0.216069 0.030109 0.021361
0 0.110656 0.217146 0.029031 0.020153
0 0.160539 0.259743 0.040766 0.025681
0 0.200930 0.218729 0.027141 0.017514
0 0.265836 0.220028 0.026187 0.017278
0 0.348180 0.221583 0.024656 0.016167
0 0.379352 0.222083 0.024562 0.016833
0 0.633496 0.220701 0.024977 0.016319
0 0.665156 0.220972 0.026562 0.017500
0 0.696055 0.220347 0.026016 0.016250
0 0.780859 0.218542 0.025938 0.015139
0 0.813016 0.217194 0.025312 0.015000
