0 0.214453 0.104097 0.028750 0.018194
0 0.806426 0.143160 0.040633 0.024208
0 0.848152 0.099222 0.027758 0.018278
0 0.040938 0.097500 0.031406 0.017778
0 0.078906 0.098681 0.030313 0.018750
0 0.116602 0.100208 0.029141 0.019028
0 0.187930 0.145576 0.042734 0.024486
0 0.248125 0.147222 0.039688 0.025000
0 0.250156 0.105278 0.028750 0.017500
0 0.285664 0.105583 0.027891 0.017444
0 0.305703 0.148125 0.037344 0.024028
0 0.691484 0.104861 0.026094 0.018611
0 0.724531 0.104896 0.027031 0.016319
0 0.758789 0.103403 0.027891 0.018194
