0 0.120477 0.127764 0.022969 0.015139
0 0.086016 0.161181 0.035781 0.022083
0 0.041656 0.123750 0.024609 0.015278
0 0.012711 0.122292 0.025312 0.017917
0 0.417531 0.167681 0.031094 0.021389
0 0.416953 0.135625 0.020938 0.014306
0 0.391086 0.135736 0.021016 0.016389
0 0.375227 0.167056 0.030234 0.021250
0 0.366242 0.135042 0.020391 0.014167
0 0.332844 0.166500 0.031094 0.021528
0 0.298391 0.133931 0.021875 0.015278
0 0.272531 0.132750 0.021562 0.015139
0 0.246750 0.132681 0.022031 0.016111
0 0.176453 0.129431 0.022109 0.016528
0 0.148562 0.128458 0.023828 0.015694
