0 0.411301 0.229938 0.035320 0.021597
0 0.207129 0.229153 0.036336 0.023000
0 0.251566 0.229646 0.037914 0.021208
0 0.296059 0.231250 0.036227 0.023194
0 0.953867 0.128472 0.039922 0.022500
0 0.292109 0.138542 0.034062 0.022083
0 0.247656 0.137444 0.035000 0.020389
0 0.203320 0.137569 0.036328 0.022083
0 0.034297 0.132639 0.037187 0.025833
0 0.081094 0.134653 0.037187 0.022083
0 0.085977 0.222431 0.036797 0.019306
0 0.720117 0.136597 0.037422 0.024306
0 0.848242 0.132847 0.032734 0.022083
0 0.413594 0.139236 0.036250 0.022639
