0 0.297047 0.225958 0.024219 0.015694
0 0.374473 0.226937 0.022945 0.015125
0 0.402484 0.227111 0.022734 0.015556
0 0.630359 0.225819 0.021797 0.014444
0 0.430453 0.227250 0.023516 0.014722
0 0.597055 0.260028 0.031047 0.021389
0 0.066719 0.256722 0.039188 0.025167
0 0.121000 0.258389 0.037125 0.024500
0 0.171297 0.258639 0.033094 0.024000
0 0.237164 0.223569 0.023516 0.015611
0 0.266992 0.224722 0.023672 0.015833
0 0.946187 0.217639 0.025875 0.015000
0 0.884844 0.218972 0.023813 0.013833
0 0.914875 0.218972 0.023250 0.015667
0 0.810516 0.222000 0.023719 0.015000
0 0.091383 0.221319 0.028047 0.016528
0 0.123492 0.221875 0.027422 0.016806
0 0.154977 0.222708 0.026953 0.016806
0 0.504586 0.227236 0.023156 0.016500
0 0.531539 0.227153 0.023062 0.015000
0 0.558820 0.227569 0.022875 0.014167
0 0.656609 0.225542 0.021953 0.015000
0 0.683445 0.224847 0.021563 0.015278
0 0.755164 0.223458 0.020937 0.014583
0 0.783055 0.222625 0.022187 0.015139
0 0.846902 0.254951 0.034539 0.022597
0 0.895785 0.253646 0.035773 0.023597
0 0.945453 0.252451 0.036109 0.023597
