0 0.458453 0.208472 0.026891 0.018194
0 0.424758 0.210069 0.027453 0.017389
0 0.380488 0.250569 0.040164 0.025611
0 0.335352 0.208250 0.028516 0.018194
0 0.301328 0.208194 0.027656 0.018611
0 0.267316 0.207153 0.028008 0.020000
0 0.173945 0.204444 0.028984 0.019167
0 0.138086 0.203194 0.030828 0.019000
0 0.101457 0.202847 0.030148 0.019611
0 0.056063 0.247347 0.046687 0.028611
0 0.492766 0.251271 0.038359 0.024597
0 0.580875 0.208417 0.026797 0.016250
0 0.615055 0.208417 0.027031 0.017639
0 0.648227 0.207417 0.026719 0.016833
0 0.739852 0.205069 0.027562 0.014806
0 0.774613 0.204972 0.028461 0.018194
0 0.491531 0.209271 0.026438 0.018208
0 0.436461 0.250868 0.040047 0.025792
