0 0.117313 0.162833 0.036859 0.023028
0 0.161594 0.163917 0.035234 0.022806
0 0.072492 0.161271 0.037937 0.022319
0 0.482730 0.220549 0.048602 0.029764
0 0.413539 0.220667 0.048734 0.030000
0 0.552121 0.220792 0.049414 0.029750
0 0.468176 0.168833 0.033617 0.021611
0 0.358422 0.167271 0.033078 0.022319
0 0.316773 0.167993 0.035094 0.022319
0 0.274520 0.167507 0.034289 0.022319
0 0.661414 0.166847 0.034766 0.021000
0 0.550457 0.168597 0.034289 0.022083
0 0.508813 0.168597 0.033078 0.022083
0 0.859371 0.161917 0.032852 0.020028
0 0.702781 0.166389 0.034531 0.021000
