0 0.377539 0.213035 0.050219 0.031681
0 0.448898 0.214313 0.049734 0.031375
0 0.520020 0.213750 0.050383 0.031389
0 0.024828 0.151292 0.038906 0.024167
0 0.071563 0.153125 0.037875 0.023167
0 0.117359 0.154889 0.037781 0.024333
0 0.234875 0.157792 0.035812 0.022833
0 0.277438 0.158792 0.034687 0.022500
0 0.320609 0.159875 0.033656 0.021667
0 0.433797 0.160986 0.034219 0.021250
0 0.476062 0.160014 0.034063 0.021528
0 0.518406 0.160153 0.035156 0.021250
0 0.631906 0.159326 0.035234 0.021597
0 0.673617 0.158368 0.034422 0.022069
0 0.834359 0.154556 0.036281 0.021667
