0 0.466406 0.320424 0.020313 0.013597
0 0.807785 0.317153 0.021336 0.014722
0 0.781969 0.318306 0.021375 0.014667
0 0.756984 0.318389 0.022219 0.015167
0 0.690844 0.349806 0.030563 0.021833
0 0.690047 0.319639 0.021281 0.016167
0 0.665609 0.320056 0.020719 0.016000
0 0.649922 0.349389 0.030281 0.022333
0 0.418258 0.320111 0.019578 0.014500
0 0.441797 0.320694 0.021719 0.015000
0 0.641531 0.320056 0.021000 0.014000
0 0.609094 0.350306 0.029063 0.020833
0 0.577023 0.320750 0.020234 0.015139
0 0.553273 0.321097 0.020078 0.015278
0 0.529328 0.321028 0.021250 0.015694
0 0.034980 0.314889 0.027227 0.017000
0 0.066031 0.315590 0.026328 0.017208
0 0.096520 0.317292 0.025195 0.015806
0 0.174070 0.318833 0.023906 0.015278
0 0.202313 0.318639 0.023359 0.015972
0 0.229891 0.319396 0.022578 0.015847
0 0.300687 0.319458 0.022344 0.016528
0 0.326508 0.320014 0.021172 0.016528
0 0.352055 0.320222 0.020703 0.015278
0 0.387656 0.350861 0.030000 0.021333
