0 0.415125 0.236271 0.032563 0.020153
0 0.583914 0.283069 0.045219 0.027194
0 0.649457 0.283292 0.045336 0.028806
0 0.859594 0.229528 0.032266 0.021833
0 0.818801 0.231833 0.033211 0.020167
0 0.969957 0.226097 0.031992 0.019917
0 0.079336 0.232792 0.034422 0.021833
0 0.121117 0.232674 0.033750 0.022069
0 0.230645 0.233826 0.032133 0.019431
0 0.271348 0.234903 0.033070 0.020639
0 0.310566 0.235021 0.032398 0.020875
0 0.453594 0.236139 0.031500 0.020167
0 0.492273 0.235986 0.031500 0.020833
0 0.595859 0.235646 0.032000 0.021125
0 0.634332 0.234208 0.031727 0.020639
0 0.672742 0.233250 0.033484 0.019194
