0 0.933832 0.225236 0.030914 0.019444
0 0.046492 0.274569 0.047422 0.027083
0 0.114180 0.275903 0.046328 0.027917
0 0.177117 0.276694 0.040688 0.026333
0 0.721711 0.275486 0.042094 0.024667
0 0.260820 0.232500 0.031172 0.019167
0 0.298477 0.232778 0.030703 0.019722
0 0.335820 0.233333 0.029922 0.019167
0 0.434008 0.233444 0.030000 0.018667
0 0.469680 0.234111 0.029719 0.019333
0 0.505492 0.234111 0.028969 0.017333
0 0.600664 0.232764 0.028750 0.017278
0 0.636562 0.232361 0.029844 0.019444
0 0.671414 0.232514 0.029531 0.017917
0 0.765781 0.229306 0.030000 0.019833
0 0.800531 0.229028 0.030000 0.019167
0 0.836891 0.227806 0.029906 0.019167
