0 0.068633 0.179931 0.039922 0.022361
0 0.124352 0.181674 0.037859 0.021931
0 0.178750 0.183194 0.035313 0.022778
0 0.625508 0.186174 0.033828 0.020708
0 0.944141 0.175764 0.037500 0.023750
0 0.794570 0.144701 0.021797 0.013653
0 0.823203 0.143757 0.023594 0.012764
0 0.852277 0.142896 0.023102 0.014847
0 0.661289 0.149083 0.022109 0.013500
0 0.688516 0.147847 0.023281 0.015972
0 0.716250 0.145708 0.022031 0.015250
0 0.390039 0.149785 0.024297 0.015153
0 0.418906 0.149778 0.021250 0.014333
0 0.448750 0.150396 0.022813 0.014764
0 0.528281 0.150139 0.024219 0.014167
0 0.556172 0.150007 0.023906 0.014431
0 0.583977 0.150014 0.020766 0.014722
0 0.245898 0.146514 0.026172 0.015583
0 0.277422 0.147764 0.025313 0.014750
0 0.307793 0.147833 0.023398 0.014889
