0 0.207719 0.133500 0.031813 0.019056
0 0.116258 0.130125 0.029297 0.018750
0 0.162184 0.132479 0.031742 0.020597
0 0.212242 0.222764 0.031328 0.021250
0 0.324844 0.133972 0.028750 0.020278
0 0.369727 0.135236 0.026859 0.019750
0 0.413660 0.134979 0.028164 0.018431
0 0.416699 0.225069 0.029711 0.017861
0 0.580059 0.134792 0.033945 0.022917
0 0.624727 0.134583 0.036797 0.023056
0 0.844688 0.129097 0.039531 0.023194
0 0.538297 0.135042 0.028484 0.020889
0 0.532016 0.227306 0.035531 0.019833
0 0.743641 0.132410 0.031391 0.023403
0 0.328363 0.224625 0.034992 0.019667
0 0.372930 0.226708 0.036750 0.021500
