0 0.924078 0.048708 0.028125 0.018194
0 0.247672 0.102104 0.039188 0.023792
0 0.116211 0.053486 0.029609 0.015806
0 0.810898 0.098340 0.038984 0.023597
0 0.855859 0.051618 0.026875 0.018153
0 0.696992 0.059750 0.027734 0.016889
0 0.730586 0.058264 0.026797 0.016528
0 0.764570 0.056250 0.026797 0.016111
0 0.040742 0.051028 0.030391 0.016556
0 0.188094 0.100111 0.039906 0.023444
0 0.286758 0.058972 0.027891 0.016500
0 0.250469 0.058903 0.026875 0.018028
0 0.214609 0.057236 0.028281 0.018028
0 0.305352 0.102153 0.037109 0.025972
0 0.078398 0.051417 0.030078 0.018000
