0 0.554375 0.155208 0.031875 0.020139
0 0.101852 0.112167 0.025922 0.017278
0 0.133105 0.113486 0.026055 0.016083
0 0.214109 0.116854 0.025516 0.017042
0 0.242441 0.116847 0.023758 0.016806
0 0.271008 0.117806 0.023484 0.016556
0 0.344902 0.119313 0.021836 0.016403
0 0.371398 0.120410 0.022375 0.016208
0 0.712938 0.117646 0.022047 0.014792
0 0.739883 0.116250 0.022391 0.015194
0 0.767895 0.115653 0.021711 0.014000
0 0.311289 0.154646 0.032266 0.019319
0 0.598008 0.154236 0.029766 0.019583
0 0.641328 0.152847 0.030469 0.020139
