0 0.125590 0.344826 0.026664 0.017792
0 0.085148 0.384729 0.039375 0.023597
0 0.035867 0.343729 0.028125 0.016792
0 0.436797 0.348292 0.023438 0.015556
0 0.408164 0.348708 0.024453 0.016667
0 0.369023 0.385097 0.035234 0.023611
0 0.329805 0.347083 0.024297 0.016667
0 0.300020 0.347694 0.024336 0.016667
0 0.270625 0.347694 0.024297 0.016667
0 0.188992 0.346090 0.025766 0.016403
0 0.157484 0.345625 0.027453 0.015806
0 0.418086 0.385375 0.036484 0.022500
0 0.681063 0.347292 0.023531 0.014833
0 0.710516 0.346306 0.024094 0.013833
0 0.465938 0.348708 0.024062 0.015000
0 0.466914 0.385097 0.034297 0.022500
0 0.544023 0.347431 0.024141 0.015000
0 0.572930 0.347569 0.023828 0.015139
0 0.602516 0.347722 0.023062 0.014000
