0 0.919258 0.138479 0.025391 0.016653
0 0.951289 0.173889 0.036328 0.023056
0 0.950273 0.137382 0.026641 0.017181
0 0.748320 0.145583 0.023359 0.016333
0 0.846289 0.178958 0.036484 0.023472
0 0.613945 0.147500 0.023203 0.016111
0 0.642539 0.147028 0.023359 0.017056
0 0.671250 0.147236 0.023281 0.015806
0 0.776484 0.144333 0.021563 0.014667
0 0.807012 0.143292 0.023852 0.015194
0 0.118633 0.180833 0.037422 0.022778
0 0.063203 0.180208 0.040781 0.022083
0 0.029023 0.138090 0.029141 0.014653
0 0.064648 0.140292 0.028516 0.014139
0 0.099766 0.141875 0.028125 0.014583
0 0.189961 0.143819 0.026484 0.016250
0 0.222773 0.145417 0.026016 0.016667
0 0.254961 0.146111 0.024453 0.015278
0 0.338984 0.148139 0.024375 0.017056
0 0.369492 0.148694 0.023047 0.014556
0 0.399414 0.149389 0.023203 0.015111
0 0.479180 0.149736 0.023516 0.015250
0 0.508594 0.148528 0.022656 0.015167
0 0.536445 0.149278 0.022266 0.013667
0 0.578605 0.185083 0.031539 0.020389
