0 0.046242 0.156090 0.038328 0.025208
0 0.091398 0.158729 0.038484 0.024708
0 0.136758 0.160049 0.036031 0.023514
0 0.252109 0.163167 0.034828 0.022083
0 0.294371 0.163771 0.034008 0.020875
0 0.336605 0.165208 0.033883 0.020889
0 0.392109 0.218250 0.051047 0.031444
0 0.448047 0.166167 0.033484 0.021361
0 0.462711 0.218729 0.049953 0.030486
0 0.489090 0.164729 0.033477 0.020875
0 0.530937 0.165090 0.034297 0.020153
0 0.532375 0.217549 0.049391 0.029069
0 0.642379 0.164271 0.034695 0.021597
0 0.685043 0.163076 0.034695 0.019681
0 0.842949 0.159410 0.036773 0.020736
