0 0.810133 0.072236 0.035000 0.021528
0 0.641328 0.076458 0.030938 0.021528
0 0.763164 0.074097 0.034453 0.020139
0 0.854016 0.071236 0.032031 0.020972
0 0.642273 0.167444 0.034141 0.019444
0 0.557469 0.168694 0.034687 0.018611
0 0.191188 0.077375 0.033937 0.022528
0 0.237258 0.078056 0.030859 0.021111
0 0.353531 0.078924 0.027797 0.021708
0 0.443492 0.167167 0.032109 0.021944
0 0.599383 0.168833 0.033828 0.020556
0 0.136953 0.130278 0.053281 0.030278
0 0.212070 0.131097 0.052891 0.033972
0 0.148445 0.074694 0.029234 0.019833
