0 0.604750 0.314875 0.032891 0.020000
0 0.558188 0.315014 0.033203 0.020833
0 0.649281 0.313972 0.029453 0.020139
0 0.853945 0.274889 0.024563 0.015167
0 0.773023 0.277278 0.024453 0.015000
0 0.884695 0.274222 0.024937 0.015500
0 0.915727 0.273639 0.025500 0.015000
0 0.714273 0.278389 0.023984 0.015278
0 0.743652 0.277556 0.023992 0.015556
0 0.773023 0.277278 0.024453 0.015000
0 0.558188 0.315014 0.033203 0.020833
0 0.604750 0.314875 0.032891 0.020000
0 0.649281 0.313972 0.029453 0.020139
0 0.853945 0.274889 0.024563 0.015167
0 0.884695 0.274222 0.024937 0.015500
0 0.915727 0.273639 0.025500 0.015000
0 0.714273 0.278389 0.023984 0.015278
0 0.743652 0.277556 0.023992 0.015556
