0 0.175742 0.130486 0.021797 0.015694
0 0.012234 0.123819 0.024469 0.017222
0 0.042242 0.124861 0.025234 0.016250
0 0.246469 0.133292 0.021562 0.014167
0 0.272406 0.133986 0.021250 0.015556
0 0.297992 0.134819 0.021016 0.014722
0 0.332703 0.167979 0.031219 0.021514
0 0.374703 0.167556 0.029531 0.021000
0 0.365984 0.136306 0.020719 0.013167
0 0.391062 0.136806 0.020437 0.013167
0 0.416188 0.136396 0.020250 0.014347
0 0.417125 0.168639 0.029250 0.019500
0 0.148492 0.129139 0.021406 0.015278
0 0.120289 0.128472 0.023047 0.015139
0 0.085836 0.161875 0.033984 0.021389
