0 0.236172 0.236194 0.028313 0.017167
0 0.269734 0.236694 0.027375 0.018167
0 0.302453 0.238111 0.027000 0.018000
0 0.387922 0.238431 0.026406 0.016250
0 0.419484 0.238778 0.025781 0.016667
0 0.730961 0.235944 0.025625 0.016806
0 0.813945 0.234236 0.027109 0.015972
0 0.845625 0.232986 0.026719 0.016806
0 0.878008 0.231389 0.026484 0.017500
0 0.967250 0.228500 0.029719 0.018000
0 0.108391 0.233278 0.029438 0.018333
0 0.071922 0.232361 0.030000 0.017833
0 0.144156 0.233861 0.030094 0.018833
0 0.824000 0.271736 0.038438 0.024000
0 0.771969 0.273139 0.037500 0.023167
0 0.700453 0.235597 0.025078 0.017500
0 0.670375 0.237056 0.024922 0.015972
0 0.560547 0.237014 0.025156 0.017361
0 0.591086 0.237722 0.025234 0.017083
0 0.531398 0.237792 0.024766 0.016389
0 0.449523 0.238222 0.026484 0.016667
0 0.493945 0.276667 0.037125 0.025000
0 0.878562 0.270236 0.039188 0.024000
