0 0.421598 0.382951 0.033633 0.022403
0 0.714750 0.345861 0.025313 0.015833
0 0.684320 0.345861 0.024297 0.013889
0 0.605687 0.345556 0.023359 0.014861
0 0.575641 0.346694 0.022578 0.014861
0 0.547281 0.346764 0.023984 0.014722
0 0.470539 0.383486 0.034609 0.021250
0 0.469914 0.348000 0.023359 0.015556
0 0.440500 0.347097 0.023906 0.015417
0 0.040281 0.342257 0.028484 0.016569
0 0.089297 0.383611 0.039219 0.022500
0 0.129555 0.344111 0.026484 0.015694
0 0.160961 0.344319 0.026797 0.015833
0 0.193031 0.344389 0.024531 0.016528
0 0.273656 0.346056 0.024844 0.016806
0 0.303617 0.346611 0.025234 0.016250
0 0.334219 0.347361 0.024219 0.015278
0 0.373492 0.383792 0.035891 0.021806
0 0.411797 0.347222 0.023906 0.015556
