0 0.147805 0.129375 0.022578 0.015278
0 0.012063 0.122847 0.024063 0.016944
0 0.042492 0.125139 0.025078 0.016806
0 0.086164 0.161736 0.034297 0.021389
0 0.120109 0.127569 0.023906 0.015833
0 0.176211 0.130069 0.021953 0.015972
0 0.246922 0.132889 0.021094 0.015333
0 0.272234 0.132972 0.021375 0.015333
0 0.298578 0.134806 0.020625 0.014000
0 0.332187 0.167556 0.031031 0.020167
0 0.365984 0.135806 0.019875 0.013333
0 0.375172 0.167556 0.030188 0.019500
0 0.391391 0.136222 0.019688 0.013833
0 0.416094 0.137139 0.020063 0.013167
0 0.416938 0.168972 0.029531 0.019000
