0 0.189133 0.219500 0.037391 0.022083
0 0.796480 0.219507 0.035211 0.019403
0 0.794645 0.131347 0.036586 0.021833
0 0.749766 0.133417 0.035859 0.022639
0 0.705371 0.132646 0.036133 0.020264
0 0.587812 0.134486 0.037312 0.022833
0 0.545063 0.134236 0.034875 0.019000
0 0.561422 0.190625 0.052500 0.035833
0 0.488422 0.191139 0.051094 0.034167
0 0.305516 0.219722 0.034594 0.019000
0 0.384219 0.135083 0.034219 0.020667
0 0.340344 0.134417 0.036281 0.021000
0 0.295391 0.134417 0.035062 0.021333
0 0.098477 0.217819 0.037531 0.020639
0 0.143500 0.217812 0.035500 0.019681
0 0.175160 0.131896 0.035914 0.020153
0 0.129867 0.130812 0.037125 0.022319
0 0.083629 0.130458 0.038617 0.021611
0 0.918141 0.219361 0.038531 0.023000
0 0.963797 0.219778 0.036656 0.023500
0 0.964738 0.124389 0.039820 0.022611
