0 0.514668 0.197729 0.045492 0.027347
0 0.580270 0.197535 0.045898 0.027125
0 0.642301 0.196458 0.042258 0.027833
0 0.026625 0.142361 0.033516 0.020139
0 0.067836 0.143611 0.033906 0.020972
0 0.174941 0.146819 0.034023 0.019861
0 0.214672 0.147292 0.032438 0.021167
0 0.254469 0.148722 0.032250 0.020333
0 0.360281 0.150597 0.032500 0.020417
0 0.400281 0.150806 0.032656 0.020556
0 0.439734 0.150736 0.033281 0.020417
0 0.543695 0.149958 0.032813 0.020000
0 0.583227 0.149958 0.032500 0.020833
0 0.622680 0.149403 0.032969 0.021111
0 0.729555 0.146667 0.033672 0.020556
0 0.770375 0.146250 0.033750 0.020278
0 0.811117 0.144653 0.033828 0.019861
0 0.923250 0.140444 0.033656 0.019167
0 0.965578 0.139278 0.034688 0.020500
