0 0.178906 0.196160 0.031875 0.019069
0 0.164922 0.121556 0.031875 0.019111
0 0.125664 0.120903 0.033047 0.019306
0 0.442031 0.124764 0.028125 0.018528
0 0.342695 0.124333 0.030391 0.018278
0 0.305469 0.124264 0.030625 0.018139
0 0.267773 0.123424 0.031484 0.019264
0 0.353672 0.195799 0.029687 0.016181
0 0.317031 0.195687 0.030000 0.015569
0 0.280469 0.195597 0.030312 0.016583
0 0.969496 0.111757 0.028211 0.019264
0 0.864023 0.192222 0.028359 0.018889
0 0.787898 0.119306 0.031094 0.019417
0 0.825430 0.118056 0.031797 0.019167
0 0.613477 0.123660 0.028359 0.016292
0 0.649453 0.124326 0.030000 0.018847
0 0.686406 0.123285 0.029687 0.018708
0 0.663828 0.170382 0.045312 0.027069
0 0.601914 0.170340 0.044297 0.026819
