0 0.093469 0.306778 0.027094 0.016500
0 0.124031 0.307694 0.026531 0.017000
0 0.154500 0.308444 0.025031 0.016500
0 0.847867 0.306583 0.022578 0.012639
0 0.232633 0.309889 0.023828 0.015278
0 0.260953 0.309056 0.021875 0.014722
0 0.288570 0.310028 0.023203 0.013889
0 0.327969 0.343472 0.031500 0.020833
0 0.360516 0.309917 0.022313 0.016000
0 0.385125 0.310000 0.020156 0.013167
0 0.412250 0.310903 0.019500 0.013500
0 0.564961 0.342083 0.030547 0.020833
0 0.608172 0.342500 0.030391 0.021528
0 0.652078 0.342431 0.030859 0.020000
0 0.479859 0.311236 0.021406 0.015000
0 0.506336 0.310618 0.020922 0.014042
0 0.530953 0.311722 0.022344 0.014583
0 0.599367 0.311167 0.021875 0.013333
0 0.624531 0.311319 0.023125 0.014583
0 0.650586 0.310417 0.021953 0.013611
0 0.720695 0.309319 0.021750 0.013833
0 0.746570 0.308903 0.020250 0.013667
0 0.774695 0.307361 0.021484 0.014028
0 0.876031 0.305333 0.022813 0.014861
