0 0.233141 0.075500 0.037531 0.022083
0 0.654625 0.075806 0.035641 0.021889
0 0.303410 0.131535 0.050086 0.032875
0 0.860855 0.068812 0.028805 0.021403
0 0.228891 0.130458 0.053328 0.031194
0 0.279578 0.076333 0.038609 0.021361
0 0.698984 0.074722 0.036469 0.021333
0 0.186633 0.073694 0.038750 0.023278
0 0.151789 0.128368 0.055750 0.033597
0 0.057563 0.067681 0.040000 0.023611
0 0.014445 0.067326 0.028891 0.026264
0 0.913223 0.066910 0.032508 0.021208
0 0.966785 0.119368 0.037664 0.030486
0 0.818937 0.071292 0.035328 0.021194
