0 0.140859 0.140021 0.025313 0.013931
0 0.120156 0.185764 0.042344 0.026528
0 0.467023 0.144174 0.021328 0.014764
0 0.807488 0.138826 0.025898 0.017181
0 0.729027 0.141611 0.022570 0.015528
0 0.916395 0.134951 0.021945 0.016597
0 0.958031 0.133007 0.026687 0.020097
0 0.057695 0.183264 0.043047 0.025694
0 0.065898 0.138042 0.023359 0.016639
0 0.561473 0.145472 0.022820 0.018389
0 0.598344 0.143833 0.023141 0.017000
0 0.633645 0.143819 0.022352 0.019083
0 0.102934 0.140056 0.025867 0.015944
0 0.272320 0.143979 0.025359 0.016208
0 0.310039 0.214646 0.025547 0.014403
0 0.434195 0.144896 0.020984 0.015264
0 0.399258 0.144660 0.025078 0.015403
