0 0.841355 0.635736 0.049945 0.037667
0 0.894840 0.645757 0.054211 0.039736
0 0.019699 0.322500 0.039398 0.025639
0 0.113758 0.280743 0.029484 0.019292
0 0.150352 0.281375 0.028406 0.018167
0 0.185883 0.282292 0.029156 0.018667
0 0.278320 0.284236 0.028828 0.016528
0 0.311727 0.284472 0.027500 0.017500
0 0.311727 0.284472 0.027500 0.017500
0 0.150352 0.281375 0.028406 0.018167
0 0.185883 0.282292 0.029156 0.018667
0 0.278320 0.284236 0.028828 0.016528
0 0.841355 0.635736 0.049945 0.037667
0 0.894840 0.645757 0.054211 0.039736
0 0.019699 0.322500 0.039398 0.025639
0 0.113758 0.280743 0.029484 0.019292
