0 0.510508 0.197924 0.035859 0.021375
0 0.309883 0.111500 0.034297 0.022833
0 0.283812 0.164222 0.052063 0.032583
0 0.267477 0.110687 0.034891 0.021597
0 0.223516 0.109264 0.035156 0.020361
0 0.210934 0.162958 0.052664 0.032139
0 0.103555 0.106236 0.036641 0.021417
0 0.057773 0.105278 0.037266 0.022500
0 0.015367 0.104389 0.030672 0.022333
0 0.926719 0.101632 0.033125 0.022014
0 0.825078 0.196326 0.036719 0.021236
0 0.828414 0.105736 0.037703 0.024472
0 0.622852 0.111271 0.031641 0.021347
0 0.664141 0.109722 0.035313 0.021111
0 0.707344 0.109451 0.035313 0.022486
0 0.665813 0.198694 0.037031 0.022000
0 0.708891 0.197944 0.037500 0.021833
0 0.623344 0.198278 0.035906 0.021500
