0 0.498711 0.034306 0.032891 0.021111
0 0.201719 0.033125 0.033750 0.021806
0 0.159180 0.031799 0.034609 0.021958
0 0.116289 0.030736 0.035078 0.022694
0 0.765508 0.102222 0.033516 0.021667
0 0.769414 0.022882 0.033984 0.020903
0 0.727812 0.024792 0.033437 0.021528
0 0.311133 0.033681 0.032578 0.019583
0 0.548742 0.082986 0.047359 0.031250
0 0.481797 0.084826 0.047031 0.030903
0 0.392031 0.035833 0.031562 0.020556
0 0.352031 0.035139 0.032813 0.021389
0 0.210820 0.114792 0.032891 0.022917
0 0.168516 0.114868 0.034531 0.017208
0 0.538148 0.033056 0.031203 0.021389
0 0.686691 0.026924 0.033023 0.020597
0 0.578750 0.031319 0.032969 0.020972
0 0.126211 0.114632 0.034922 0.019625
